Webots Project File version R2025a
perspectives: 000000ff00000000fd00000002000000010000033a00000287fc0200000001fb0000001400540065007800740045006400690074006f0072010000001d000002870000009100ffffff000000030000078000000117fc0100000001fb0000001a0043006f006e0073006f006c00650041006c006c0041006c006c0100000000000007800000006900ffffff000004440000028700000001000000020000000100000008fc00000000
simulationViewPerspectives: 000000ff00000001000000020000015e000002e40100000002010000000100
sceneTreePerspectives: 000000ff00000001000000030000002600000122000000fa0100000002010000000200
minimizedPerspectives: 000000ff00000000fd000000020000000100000263000002fffc0200000001fb0000001400540065007800740045006400690074006f00720100000019000002ff0000008900ffffff0000000300000780000000defc0100000001fb0000001a0043006f006e0073006f006c00650041006c006c0041006c006c0100000000000007800000006900ffffff0000051b000002ff00000001000000020000000100000008fc00000000
maximizedDockId: -1
centralWidgetVisible: 1
orthographicViewHeight: 1
textFiles: 0 "controllers/vision_excercise_2/vision_excercise_2.py"
globalOptionalRendering: CameraFrustums::PenPaintingRays
consoles: Console:All:All
renderingDevicePerspectives: e-puck:camera;1;4.44231;0;0
renderingDevicePerspectives: e-puck_recognizer:camera;1;4.44231;0;0
